%YAML:1.0
---
CameraType: PinHole
fx: 5.1963832270019350e+02
fy: 5.2003292101192983e+02
cx: 3.2526000653720752e+02
cy: 2.3124994763924792e+02
K: !!opencv-matrix
   rows: 3
   cols: 3
   dt: d
   data: [ 5.1963832270019350e+02, 0., 3.2526000653720752e+02, 0.,
       5.2003292101192983e+02, 2.3124994763924792e+02, 0., 0., 1. ]
D: !!opencv-matrix
   rows: 1
   cols: 5
   dt: d
   data: [ -4.3834563170075398e-02, 2.0154136785035868e+00,
       3.0331801965599332e-03, -6.7810927431986683e-03,
       -1.3563712705249914e+01 ]
