CameraName: ASTRA-S
fx: 5.1368875085442005e+02
fy: 5.1424715156621562e+02
cx: 3.2460126756638050e+02
cy: 2.3243154480707722e+02
K:
   rows: 3
   cols: 3
   dt: d
   data: [ 5.1368875085442005e+02, 0., 3.2460126756638050e+02, 0.,
       5.1424715156621562e+02, 2.3243154480707722e+02, 0., 0., 1. ]
D:
   rows: 1
   cols: 5
   dt: d
   data: [ 6.0528663296477804e-02, -6.2204096823425033e-03,
       2.6517607634329622e-03, -6.1863773101195505e-03,
       -1.4702406619745596e+00 ]